无缝滚动

实际n      n%5         +5      %5            期望n
6           1			6		1			1
5		    0			5		0			0
4			4			9		4			4
3			3			8		3			3
2			2			7		2			2
1			1			6		1			1
0			0			5		0			0
-1			-1			4		4			4
-2			-2			3		3			3
-3			-3			2		2			2
-4			-4			1		1			1
-5			0			5		0			0

oul 
实际的值  %2500		-2500					期望的值
3500       1000		-1500					-1000
3000		500		-2000					-500	
2500	    0		-2500					0
2000		2000	-500					-500
1500		1500	-1000					-1000
1000		1000	-1500					-1500
500			500		-2000					-2000
0   		0		-2500					0
-500		-500	-3000					-500
-1000		-1000	-3500					-1000
-1500	    -1500	-4000					-1500
-2000		-2000							-2000
-2500		0								0
-3000		-500							-500

点击时n：
        轮数：当前是第几轮Math.floor(n/aBtn.length)
        当前是第几个：Math.floor(n/aBtn.length)*aBtn.length+index;

        当前值    点击值              期望值
        13        2                   12

    点击每次只动一张：
        当前    实际   +5     期望
        -6      -10    -5     -5
        -1      -5     0      0
        4       0      5      5
        9       5      10     10
        14      10     15     15

        当前    实际    -5     期望
        -15     -11     -16    -16
        -10     -6      -11    -11
        -5      -1      -6     -6
        0       4       -1     -1
        5       9       4      4
        10      14      9      9
=========================================
轮播图插件
bxslider               jq;

http://codepen.io/

https://tinypng.com/ 图片压缩










